00000470
00000475 17000025
00000477 17000026
00000454
00000474 17000023
00000475 17000024
00000472 17000021
00000453
00000473 17000022
00000457
00000458
00000450
00000455
00000452
00000471
00000455
00000450
00000451
00000478 17000027
16000001
17000020
15000001
17000016
17000012
17000014
17000015
17000011
17000013
17000018
17000019
17000010
17000017
Numero
PDF
PNN-PPNCAARC SA
OIERS-CUENT DIERS 27/05/2017
PIN--PNCAARI SA
OIVER-CUEENT OMERS
Chent
27/06/2017
01012017
Date
Total HT
2000,00
1475.00
1475,00
1475.00
300.83
220.00
220.00
149.81
143.00
155.00
150,00
80.00
80.00
80,00
15.05
15.05
0.00
0.00
Total TUR
295.00
295.00
295.00
400.00
29.92
44.00
60.25
28.00
33.00
16.00
44.00
16.00
16.00
16.00
25,10
3.04
0.00
3.04
0.00
Total TTC
2400.00
1770.00
1770.00
1770.00
254.00
351.50
168.00
179.97
198.00
185,17 10
96.00
96.00
96.00
96.00
18.26
0.00
0.00
Acompte TTC
100.00
0.00
0,00
0.00
0,00
0.00
0.00
0.00
0.00
0.00
0.00
0.00
0.00
0.00
0.00
0.00
0.00
0.00
0.00
0.00
TTC ongine
Mt acompte
100.00
0.00
0.00
0,00
0.00
0.00
0.00
0,00
0.00
0,00
0.00
0.00
0.00
0.00
0.00
0.00
0.00
0.00
0,00
0.00